0.05572809 0.26958541 0.05572809 0.94427191 0.05572809 0.05572809
 0.05572809 0.05572809 0.05572809 0.05572809 0.05572809 0.05572809
 0.05572809 0.05572809 0.05572809 0.05572809 0.05572809 0.05572809
 0.05572809 0.05572809 0.05572809 0.05572809 0.05683661 0.09016994
 0.05572809 0.05683661 0.05572809 0.05572809 0.05572809 0.11206205
 0.05572809 0.05572809 0.05572809 0.10894534 0.05572809 0.05572809
 0.05683661 0.05572809 0.05572809 0.05572809 0.05572809 0.05572809
 0.05572809 0.05572809 0.05572809 0.05572809 0.05572809 0.05572809
 0.19670575 0.1238028  0.05572809 0.05572809 0.05572809 0.05572809
 0.11701727 0.05572809 0.05572809 0.05572809 0.08424071 0.05572809
 0.05572809 0.1116423  0.09772805 0.10534074 0.26940131 0.05572809
 0.16853995 0.05572809 0.05572809 0.05572809 0.05572809 0.41852849
 0.14632098 0.05683661 0.05572809 0.05572809 0.05572809 0.05572809
 0.05572809 0.05572809 0.09016994 0.05572809 0.05572809 0.05572809
 0.05572809 0.05572809 0.05572809 0.05572809 0.05572809 0.05572809
 0.05572809 0.05572809 0.05572809 0.05572809 0.05572809 0.05572809
 0.05572809 0.05572809 0.05572809 0.05572809 0.05572809 0.09196356
 0.05572809 0.05683661 0.05572809 0.05572809 0.05572809 0.20273464
 0.04410441 0.05572809 0.05572809 0.05572809 0.05572809 0.05572809
 0.05572809 0.05572809 0.09016994 0.05572809 0.05572809 0.05572809
 0.05572809 0.14145569 0.23606798 0.05572809 0.05572809 0.05572809
 0.05572809 0.05572809 0.09196356 0.05572809 0.05572809 0.05572809
 0.05572809 0.05572809 0.05572809 0.05572809 0.05572809 0.05572809
 0.05572809 0.05572809 0.05572809 0.05572809 0.1370646  0.10162431
 0.05572809 0.05572809 0.05572809 0.05572809 0.05572809 0.05572809
 0.05572809 0.05572809 0.05572809 0.05572809 0.05683661 0.05572809
 0.05572809 0.09016994 0.18470612 0.05572809 0.05572809 0.05572809
 0.05572809 0.05572809 0.05572809 0.10084885 0.05572809 0.05572809
 0.20273464 0.05572809 0.05572809 0.05572809 0.05572809 0.09016994
 0.05572809 0.05572809 0.05572809 0.09196356 0.05572809 0.05572809
 0.05572809 0.05572809 0.05572809 0.05572809 0.05572809 0.05572809
 0.05572809 0.08558727 0.05572809 0.05572809 0.04410441 0.04410441
 0.05572809 0.05572809 0.05572809 0.05572809 0.05572809 0.05468713
 0.0919392  0.05572809 0.05572809 0.05572809 0.05572809 0.05572809
 0.09016994 0.05572809 0.05572809 0.05572809 0.09016994 0.05572809
 0.05572809 0.05683661 0.05572809 0.05572809 0.05572809 0.05863023
 0.05572809 0.07991743 0.05572809 0.05572809 0.05572809 0.05572809
 0.05572809 0.05572809 0.05572809 0.05572809 0.05572809 0.38196601
 0.05572809 0.05572809 0.05572809 0.05572809 0.05572809 0.15557579
 0.05572809 0.05572809 0.05572809 0.09570327 0.05572809 0.05572809
 0.05572809 0.05572809 0.05572809 0.05572809 0.05683661 0.05572809
 0.05572809 0.05572809 0.05572809 0.05572809 0.05572809 0.05572809
 0.05572809 0.05572809 0.05572809 0.05572809 0.05572809 0.05572809
 0.05572809 0.05572809 0.05572809 0.05572809 0.05572809 0.05572809
 0.05572809 0.05572809 0.05572809 0.05572809 0.09196356 0.05572809
 0.09396308 0.05572809 0.13135478 0.05572809 0.05572809 0.05572809
 0.05572809 0.05572809 0.1252969  0.05572809 0.05572809 0.05572809
 0.11054293 0.05572809 0.05572809 0.05572809 0.05572809 0.05572809
 0.05572809 0.05572809 0.05572809 0.05572809 0.05572809 0.05572809
 0.05572809 0.05572809 0.05572809 0.05572809 0.05572809